function kdeg = p38toKdeg(p38)
kdeg = 8.173./(1+(p38-70.37)/0.06303); 
end